[999, 0.93697035, 0, 584]
[1042, 0.5002608, 1, 278]
[1124, 0.5001181, 1, 331]
[1016, 0.49979252, 0, 816]
[1055, 0.8419993, 1, 275]
[927, 0.20594853, 0, 1147]
[1139, 0.20806094, 0, 47]
[328, 0.24757071, 0, 1078]
[1037, 0.20593618, 0, 400]
[1151, 0.78764135, 1, 846]
[766, 0.76748013, 1, 994]
[997, 0.4999987, 0, 754]
[1013, 0.8255641, 1, 767]
[493, 0.47448832, 0, 1046]
[466, 0.2054052, 0, 1082]
[987, 0.31401196, 0, 872]
[1020, 0.78767985, 1, 191]
[1067, 0.22005737, 0, 543]
[996, 0.84652084, 1, 799]
[986, 0.20746608, 0, 884]
[1115, 0.28981337, 0, 18]
[1163, 0.50181174, 1, 975]
[561, 0.20594567, 0, 1083]
[304, 0.70142925, 1, 1150]
[1037, 0.20656241, 0, 32]
[47, 0.9358714, 1, 1123]
[343, 0.49999222, 0, 1119]
[292, 0.4999965, 0, 1103]
[1080, 0.8180497, 1, 680]
[612, 0.48229364, 0, 1077]
[1036, 0.29434174, 0, 656]
[1036, 0.49608985, 0, 568]
[1146, 0.20767161, 0, 50]
[1088, 0.6447322, 1, 28]
[1060, 0.72752625, 1, 342]
[1036, 0.5000004, 0, 717]
[1057, 0.4988311, 0, 203]
[815, 0.6503328, 0, 1061]
[1085, 0.5001034, 0, 722]
[270, 0.516088, 1, 1148]
[976, 0.20758721, 0, 904]
[604, 0.49497193, 0, 1015]
[1160, 0.49988952, 0, 152]
[845, 0.49977952, 0, 1167]
[1140, 0.64321303, 0, 618]
[854, 0.7683357, 1, 1052]
[45, 0.60046697, 1, 1009]
[1134, 0.20648922, 0, 968]
[977, 0.7876219, 1, 87]
[887, 0.49266902, 0, 991]
[40, 0.20980617, 0, 1147]
[136, 0.54740906, 1, 1088]
[867, 0.43535244, 0, 1042]
[1125, 0.32685646, 0, 891]
[155, 0.500178, 1, 1122]
[1143, 0.64360076, 0, 715]
[1051, 0.20776537, 0, 235]
[1082, 0.40728095, 0, 134]
[490, 0.4999963, 0, 982]
[1049, 0.27601296, 0, 359]
[582, 0.6331997, 0, 1020]
[412, 0.78814703, 1, 1091]
[1058, 0.6466121, 0, 576]
[1127, 0.5578671, 0, 363]
[1082, 0.33155409, 0, 492]
[977, 0.70054066, 1, 743]
[1029, 0.81848603, 1, 495]
[98, 0.8106409, 1, 1071]
[1102, 0.4065, 0, 134]
[514, 0.4999999, 0, 1136]
[1116, 0.5000083, 1, 630]
[1152, 0.5000054, 1, 314]
[226, 0.4986436, 0, 1012]
[1131, 0.49986726, 0, 92]
[545, 0.64775395, 0, 1054]
[681, 0.20594628, 0, 982]
[598, 0.32542336, 0, 1143]
[1075, 0.93077374, 0, 687]
[39, 0.21755165, 0, 1119]
[540, 0.7876343, 1, 1011]
[68, 0.44508687, 0, 1053]
[469, 0.50222236, 1, 1088]
[603, 0.21684301, 0, 1007]
[449, 0.20654488, 0, 1081]
[978, 0.6530649, 1, 441]
[379, 0.49998882, 0, 1131]
[945, 0.6423732, 0, 1109]
[135, 0.79308766, 1, 998]
[1067, 0.49995595, 0, 590]
[747, 0.8477588, 1, 1003]
[994, 0.795432, 1, 322]
[1147, 0.20596203, 0, 810]
[114, 0.49999994, 0, 1141]
[703, 0.49772546, 0, 1027]
[1129, 0.84438944, 1, 620]
[153, 0.49164957, 0, 1132]
[859, 0.49993953, 0, 1116]
[415, 0.7876485, 1, 1003]
[683, 0.7876521, 1, 979]
[664, 0.499485, 0, 997]
[1109, 0.32545134, 0, 187]
[795, 0.20594588, 0, 1032]
[1166, 0.21027088, 0, 232]
[1048, 0.2073209, 0, 477]
[1058, 0.6479569, 0, 814]
[341, 0.8353813, 1, 1068]
[1067, 0.298849, 0, 773]
[1058, 0.33998337, 0, 591]
[1137, 0.49818057, 0, 294]
[75, 0.88888407, 0, 1162]
[641, 0.49925965, 0, 1066]
[986, 0.49992317, 0, 967]
[455, 0.49998814, 0, 1022]
[1129, 0.6003861, 1, 729]
[394, 0.7876187, 1, 1009]
[582, 0.49960473, 0, 1067]
[1127, 0.64935225, 0, 796]
[1081, 0.4675188, 0, 531]
[575, 0.49999472, 0, 1057]
[995, 0.54495114, 1, 138]
[1030, 0.7876338, 1, 613]
[79, 0.3280877, 0, 1113]
[1085, 0.4899972, 0, 2]
[119, 0.51216215, 1, 1035]
[416, 0.2085299, 0, 1096]
[1074, 0.49990046, 0, 298]
[1073, 0.3865307, 0, 159]
[990, 0.49680611, 0, 820]
[1069, 0.6503017, 0, 911]
[976, 0.4993689, 0, 221]
[1061, 0.84767526, 1, 66]
[577, 0.21263006, 0, 1149]
[1136, 0.4512978, 0, 825]
[1013, 0.8184561, 1, 334]
[1026, 0.33383274, 0, 620]
[493, 0.47467533, 0, 976]
[849, 0.8352619, 1, 1122]
[1115, 0.49999088, 0, 651]
[728, 0.768538, 1, 1110]
[171, 0.953675, 1, 1098]
[1071, 0.78801477, 1, 534]
[984, 0.5001668, 0, 617]
[323, 0.49999914, 0, 1047]
[408, 0.2079279, 0, 1140]
[935, 0.7879709, 1, 979]
[289, 0.35010144, 0, 987]
[1119, 0.50000006, 0, 295]
[991, 0.49994966, 0, 484]
[1111, 0.64565295, 0, 525]
[666, 0.4989399, 0, 1048]
[570, 0.24279243, 0, 1021]
[965, 0.20650162, 0, 1150]
[141, 0.4457362, 0, 990]
[1062, 0.79848385, 1, 830]
[1003, 0.95359445, 1, 276]
[1071, 0.7923351, 1, 658]
[194, 0.49954367, 0, 997]
[1080, 0.7883299, 1, 471]
[437, 0.4487765, 0, 1126]
[1122, 0.84227574, 1, 406]
[311, 0.500029, 1, 1061]
[1020, 0.65035576, 0, 560]
[1062, 0.78370863, 1, 152]
[1082, 0.49990386, 0, 361]
[1151, 0.8540986, 1, 359]
[1006, 0.45980442, 0, 344]
[1163, 0.49985075, 0, 697]
[996, 0.84769064, 1, 872]
[1028, 0.7891953, 1, 615]
[114, 0.78763056, 1, 1151]
[1083, 0.49992743, 0, 415]
[1055, 0.8338222, 1, 856]
[1151, 0.500029, 1, 311]
[436, 0.20561144, 0, 982]
[994, 0.9513388, 1, 728]
[186, 0.6128253, 1, 1087]
[661, 0.7836862, 1, 1062]
[364, 0.77303046, 1, 1071]
[268, 0.4313621, 0, 1127]
[619, 0.4410118, 0, 1131]
[1151, 0.7897813, 1, 835]
[782, 0.50176966, 1, 1151]
[1048, 0.4992899, 0, 12]
[358, 0.20752603, 0, 1164]
[675, 0.78763336, 1, 994]
[1156, 0.41766086, 0, 398]
[1167, 0.22117285, 0, 59]
[99, 0.20619084, 0, 1119]
[1071, 0.6004478, 1, 463]
[1048, 0.4994053, 0, 100]
[610, 0.49981385, 0, 1019]
[1153, 0.26932615, 0, 387]
[1154, 0.8469219, 1, 129]
[995, 0.8557877, 1, 443]
[45, 0.20832728, 0, 1007]
[1124, 0.20596825, 0, 673]
[63, 0.4491459, 0, 1025]
[849, 0.35995972, 0, 1106]
[825, 0.60443807, 0, 1038]
[1152, 0.47880685, 0, 643]
[197, 0.50098014, 0, 1092]
[875, 0.49840552, 0, 1131]
[992, 0.78754556, 1, 498]
[579, 0.51229554, 1, 1035]
[366, 0.6503515, 0, 1042]
[1125, 0.37659797, 0, 849]
[883, 0.84621584, 1, 1120]
[1034, 0.2573656, 0, 17]
[420, 0.5000072, 0, 1067]
[335, 0.5705165, 0, 1053]
[1053, 0.23704425, 0, 716]
[552, 0.2466171, 0, 1049]
[109, 0.22707742, 0, 1094]
[390, 0.24439134, 0, 1138]
[866, 0.394795, 0, 1033]
[651, 0.8103317, 1, 1121]
[555, 0.83810455, 1, 1060]
[1058, 0.9377325, 0, 906]
[311, 0.49998918, 0, 1008]
[1013, 0.8464837, 1, 232]
[178, 0.50933456, 1, 1028]
[453, 0.37957355, 0, 1067]
[1067, 0.20602511, 0, 21]
[1139, 0.20599063, 0, 55]
[1121, 0.80053675, 1, 827]
[1016, 0.20638034, 0, 76]
[1053, 0.57081664, 0, 771]
[697, 0.6479183, 0, 1089]
[1021, 0.4999993, 0, 657]
[1134, 0.21458249, 0, 667]
[309, 0.7894011, 1, 996]
[1102, 0.20617941, 0, 507]
[1036, 0.20753162, 0, 686]
[997, 0.45050067, 0, 19]
[6, 0.5004081, 0, 1124]
[732, 0.62377995, 0, 1075]
[1137, 0.20596181, 0, 606]
[815, 0.7876039, 1, 1013]
[554, 0.21299915, 0, 1143]
[1075, 0.6172714, 0, 479]
[1039, 0.470243, 0, 653]
[126, 0.3361961, 0, 1121]
[316, 0.6167461, 0, 1125]
[1138, 0.24439134, 0, 390]
[997, 0.45020983, 0, 811]
[384, 0.20761299, 0, 1152]
[1043, 0.5000205, 1, 771]
[1125, 0.25831938, 0, 9]
[1102, 0.40557384, 0, 218]
[205, 0.2066993, 0, 1094]
[526, 0.20600568, 0, 1023]
[1025, 0.4995648, 0, 58]
[281, 0.9372157, 0, 1042]
[833, 0.20594595, 0, 982]
[1043, 0.25729868, 0, 364]
[1127, 0.31416968, 0, 162]
[68, 0.5112687, 0, 1049]
[1039, 0.44991148, 0, 393]
[1131, 0.4980982, 0, 517]
[853, 0.29537192, 0, 1135]
